0.28
0.97
0.80
0.43
0.91
0.00
0.10
0.85
0.13
0.09
0.28
0.85
0.29
0.65
0.31
0.74
0.01
0.34
0.88
0.29
0.49
0.03
0.99
0.88
0.67
0.42
0.28
0.65
0.84
0.05
0.50
0.13
0.02
0.30
0.56
0.93
0.30
0.66
0.78
0.42
0.75
0.06
0.28
0.04
0.71
0.58
0.78
0.72
0.92
0.66
0.01
0.42
0.69
0.00
0.29
0.36
0.42
0.57
0.01
0.26
0.62
0.51
0.39
0.64
0.81
0.95
0.57
0.11
0.60
0.35
0.53
0.35
0.41
0.80
0.39
0.12
0.39
0.17
0.83
0.31
0.84
0.84
0.73
0.53
0.84
0.02
0.90
0.26
0.59
0.91
0.52
0.22
0.42
0.91
0.85
0.23
0.85
0.42
0.34
0.46
